v_d1 = 1.01832
v_d2 = 0.914225
v_vout = 5.96
v_pb = 5.72163
v_vref = 1.22582
v_vfb = 1.22609
v_gate = 5.96
v_pvdd = 5.00033
v_ibias = 0.995806
